# Check student pass or fail the exam

students_mark <- c(33, 24, 54, 94, 16, 89, 60, 6, 77, 61, 13, 44, 26, 24, 73, 73, 90, 39, 90, 54)

